Rotor 8: 1010011011 1100011011 0100110111 1111110011 1111000010 0111111001 1000111011 1
Rotor 7: 1001111100 1110100101 0100000011 1111101101 0001011101 1110001110 000011010
Rotor 2: 0000101101 1010001001 1000110010 0010100000 1001101111 110100011
Rotor 4: 1111000110 1010010111 1001000100 1100000101 1111101111 1000101101 0010
Rotor 3: 0110111001 1110111001 1101111110 1001110011 1011001010 0110001110 0
Rotor 5: 1111111111 0010110011 0100100110 0101100010 1011010011 0101101010 01010
Rotor 6: 1010110101 1000101001 0010010101 0111000100 1100111100 1010010011 1100110
Rotor 1: 1111000111 0100111111 0101011111 0010100001 1110010010 000
Rotor 0: 1100001101 0111101011 1000111111 0111101111 0110010
Rotor 9: 0101011101 1101000100 1100011110 1110011010 0011111011 1110011000 0000101101 111

         2T3O4HNM5L RGIPCVEZDB SYFXAWJ6UQ K7

UMUM4VEVE35KING4HENRY4IV35

28

00111